tile03,0,480,32,64,32,32,0,1,1,4294967295
tile03,224,480,32,64,32,32,0,1,1,4294967295
tile03,224,416,32,64,32,32,0,1,1,4294967295
tile03,768,416,32,64,32,32,0,1,1,4294967295
tile03,32,480,32,96,32,32,0,1,1,4294967295
tile03,64,480,32,96,32,32,0,1,1,4294967295
tile03,96,480,32,96,32,32,0,1,1,4294967295
tile03,128,480,32,96,32,32,0,1,1,4294967295
tile03,160,480,32,96,32,32,0,1,1,4294967295
tile03,192,480,32,96,32,32,0,1,1,4294967295
tile03,256,416,32,96,32,32,0,1,1,4294967295
tile03,288,416,32,96,32,32,0,1,1,4294967295
tile03,320,416,32,96,32,32,0,1,1,4294967295
tile03,352,416,32,96,32,32,0,1,1,4294967295
tile03,416,416,32,96,32,32,0,1,1,4294967295
tile03,448,416,32,96,32,32,0,1,1,4294967295
tile03,480,416,32,96,32,32,0,1,1,4294967295
tile03,512,416,32,96,32,32,0,1,1,4294967295
tile03,544,416,32,96,32,32,0,1,1,4294967295
tile03,576,416,32,96,32,32,0,1,1,4294967295
tile03,608,416,32,96,32,32,0,1,1,4294967295
tile03,640,416,32,96,32,32,0,1,1,4294967295
tile03,672,416,32,96,32,32,0,1,1,4294967295
tile03,704,416,32,96,32,32,0,1,1,4294967295
tile03,736,416,32,96,32,32,0,1,1,4294967295
tile03,224,448,64,32,32,32,0,1,1,4294967295
tile02,256,448,0,0,32,32,0,1,1,4294967295
tile02,288,448,0,0,32,32,0,1,1,4294967295
tile02,320,448,0,0,32,32,0,1,1,4294967295
tile02,352,448,0,0,32,32,0,1,1,4294967295
tile02,384,448,0,0,32,32,0,1,1,4294967295
tile02,416,448,0,0,32,32,0,1,1,4294967295
tile02,448,448,0,0,32,32,0,1,1,4294967295
tile02,480,448,0,0,32,32,0,1,1,4294967295
tile02,512,448,0,0,32,32,0,1,1,4294967295
tile02,544,448,0,0,32,32,0,1,1,4294967295
tile02,576,448,0,0,32,32,0,1,1,4294967295
tile02,608,448,0,0,32,32,0,1,1,4294967295
tile02,640,448,0,0,32,32,0,1,1,4294967295
tile02,672,448,0,0,32,32,0,1,1,4294967295
tile02,704,448,0,0,32,32,0,1,1,4294967295
tile02,736,448,0,0,32,32,0,1,1,4294967295
tile02,768,448,0,0,32,32,0,1,1,4294967295
tile02,256,480,0,0,32,32,0,1,1,4294967295
tile02,288,480,0,0,32,32,0,1,1,4294967295
tile02,320,480,0,0,32,32,0,1,1,4294967295
tile02,352,480,0,0,32,32,0,1,1,4294967295
tile02,384,480,0,0,32,32,0,1,1,4294967295
tile02,416,480,0,0,32,32,0,1,1,4294967295
tile02,448,480,0,0,32,32,0,1,1,4294967295
tile02,480,480,0,0,32,32,0,1,1,4294967295
tile02,512,480,0,0,32,32,0,1,1,4294967295
tile02,544,480,0,0,32,32,0,1,1,4294967295
tile02,576,480,0,0,32,32,0,1,1,4294967295
tile02,608,480,0,0,32,32,0,1,1,4294967295
tile02,640,480,0,0,32,32,0,1,1,4294967295
tile02,672,480,0,0,32,32,0,1,1,4294967295
tile02,704,480,0,0,32,32,0,1,1,4294967295
tile02,736,480,0,0,32,32,0,1,1,4294967295
tile02,768,480,0,0,32,32,0,1,1,4294967295
tile02,256,512,0,0,32,32,0,1,1,4294967295
tile02,288,512,0,0,32,32,0,1,1,4294967295
tile02,320,512,0,0,32,32,0,1,1,4294967295
tile02,352,512,0,0,32,32,0,1,1,4294967295
tile02,384,512,0,0,32,32,0,1,1,4294967295
tile02,416,512,0,0,32,32,0,1,1,4294967295
tile02,448,512,0,0,32,32,0,1,1,4294967295
tile02,480,512,0,0,32,32,0,1,1,4294967295
tile02,512,512,0,0,32,32,0,1,1,4294967295
tile02,544,512,0,0,32,32,0,1,1,4294967295
tile02,576,512,0,0,32,32,0,1,1,4294967295
tile02,608,512,0,0,32,32,0,1,1,4294967295
tile02,640,512,0,0,32,32,0,1,1,4294967295
tile02,672,512,0,0,32,32,0,1,1,4294967295
tile02,704,512,0,0,32,32,0,1,1,4294967295
tile02,736,512,0,0,32,32,0,1,1,4294967295
tile02,768,512,0,0,32,32,0,1,1,4294967295
tile02,256,544,0,0,32,32,0,1,1,4294967295
tile02,288,544,0,0,32,32,0,1,1,4294967295
tile02,320,544,0,0,32,32,0,1,1,4294967295
tile02,352,544,0,0,32,32,0,1,1,4294967295
tile02,384,544,0,0,32,32,0,1,1,4294967295
tile02,416,544,0,0,32,32,0,1,1,4294967295
tile02,448,544,0,0,32,32,0,1,1,4294967295
tile02,480,544,0,0,32,32,0,1,1,4294967295
tile02,512,544,0,0,32,32,0,1,1,4294967295
tile02,544,544,0,0,32,32,0,1,1,4294967295
tile02,576,544,0,0,32,32,0,1,1,4294967295
tile02,608,544,0,0,32,32,0,1,1,4294967295
tile02,640,544,0,0,32,32,0,1,1,4294967295
tile02,672,544,0,0,32,32,0,1,1,4294967295
tile02,704,544,0,0,32,32,0,1,1,4294967295
tile02,736,544,0,0,32,32,0,1,1,4294967295
tile02,768,544,0,0,32,32,0,1,1,4294967295
tile02,256,576,0,0,32,32,0,1,1,4294967295
tile02,288,576,0,0,32,32,0,1,1,4294967295
tile02,320,576,0,0,32,32,0,1,1,4294967295
tile02,352,576,0,0,32,32,0,1,1,4294967295
tile02,384,576,0,0,32,32,0,1,1,4294967295
tile02,416,576,0,0,32,32,0,1,1,4294967295
tile02,448,576,0,0,32,32,0,1,1,4294967295
tile02,480,576,0,0,32,32,0,1,1,4294967295
tile02,512,576,0,0,32,32,0,1,1,4294967295
tile02,544,576,0,0,32,32,0,1,1,4294967295
tile02,576,576,0,0,32,32,0,1,1,4294967295
tile02,608,576,0,0,32,32,0,1,1,4294967295
tile02,640,576,0,0,32,32,0,1,1,4294967295
tile02,672,576,0,0,32,32,0,1,1,4294967295
tile02,704,576,0,0,32,32,0,1,1,4294967295
tile02,736,576,0,0,32,32,0,1,1,4294967295
tile02,768,576,0,0,32,32,0,1,1,4294967295
tile02,0,512,0,0,32,32,0,1,1,4294967295
tile02,0,544,0,0,32,32,0,1,1,4294967295
tile02,0,576,0,0,32,32,0,1,1,4294967295
tile02,32,576,0,0,32,32,0,1,1,4294967295
tile02,32,544,0,0,32,32,0,1,1,4294967295
tile02,32,512,0,0,32,32,0,1,1,4294967295
tile02,64,512,0,0,32,32,0,1,1,4294967295
tile02,64,544,0,0,32,32,0,1,1,4294967295
tile02,64,576,0,0,32,32,0,1,1,4294967295
tile02,96,576,0,0,32,32,0,1,1,4294967295
tile02,96,544,0,0,32,32,0,1,1,4294967295
tile02,96,512,0,0,32,32,0,1,1,4294967295
tile02,128,512,0,0,32,32,0,1,1,4294967295
tile02,128,544,0,0,32,32,0,1,1,4294967295
tile02,128,576,0,0,32,32,0,1,1,4294967295
tile02,160,576,0,0,32,32,0,1,1,4294967295
tile02,160,544,0,0,32,32,0,1,1,4294967295
tile02,160,512,0,0,32,32,0,1,1,4294967295
tile02,192,512,0,0,32,32,0,1,1,4294967295
tile02,192,544,0,0,32,32,0,1,1,4294967295
tile02,192,576,0,0,32,32,0,1,1,4294967295
tile02,224,576,0,0,32,32,0,1,1,4294967295
tile02,224,544,0,0,32,32,0,1,1,4294967295
tile02,224,512,0,0,32,32,0,1,1,4294967295
tile03,384,256,32,64,32,32,0,1,1,4294967295
tile03,384,416,32,64,32,32,0,1,1,4294967295
tile03,384,288,64,32,32,32,0,1,1,4294967295
tile03,384,320,64,32,32,32,0,1,1,4294967295
tile03,384,352,64,32,32,32,0,1,1,4294967295
tile03,384,384,64,32,32,32,0,1,1,4294967295
tile03,288,128,32,64,32,32,0,1,1,4294967295
tile03,480,128,32,64,32,32,0,1,1,4294967295
tile03,320,128,32,96,32,32,0,1,1,4294967295
tile03,352,128,32,96,32,32,0,1,1,4294967295
tile03,384,128,32,96,32,32,0,1,1,4294967295
tile03,416,128,32,96,32,32,0,1,1,4294967295
tile03,448,128,32,96,32,32,0,1,1,4294967295
