savePoint,160,416,8F3E0620,0,1,1,4294967295,0,0
spikeRight,512,128,E97F1584,0,1,1,4294967295,0,0
spikeUp,384,224,9F16BE14,0,1,1,4294967295,0,0
spikeUp,288,96,464C88CC,0,1,1,4294967295,0,0
spikeUp,480,96,FEEFA258,0,1,1,4294967295,0,0
spikeDown,384,160,151AD6A4,0,1,1,4294967295,0,0
spikeDown,352,160,187CD985,0,1,1,4294967295,0,0
spikeDown,416,160,B6E5F6FE,0,1,1,4294967295,0,0
spikeLeft,256,128,E79B919C,0,1,1,4294967295,0,0
block,0,480,8665C8AC,0,7,4,4294967295,0,0
block,224,416,B84E6AF2,0,18,6,4294967295,0,0
block,384,256,FA43205A,0,1,5,4294967295,0,0
block,-32,0,46E94A59,0,1,16,4294967295,0,0
block,288,128,91DB8BE3,0,7,1,4294967295,0,0
playerStart,96,448,711FF270,0,1,1,4294967295,0,0
